x=[0 1 2 3 4 5 6 5 4]'
y=[0 1.5 2.5 3 2.75 2 0 -1 -2]'
